{"cells":[{"cell_type":"code","execution_count":1,"metadata":{"cell_id":"ed762d79a5884000a57c54397720dee2","deepnote_cell_type":"code","deepnote_to_be_reexecuted":false,"execution_millis":1204,"execution_start":1701202692906,"source_hash":"7da63e24"},"outputs":[],"source":["import numpy as np\n","from matplotlib import pyplot as plt\n","from IPython.display import clear_output\n","from pyvirtualdisplay import Display\n","\n","virtual_display = Display(visible=0, size=(1400, 900))\n","virtual_display.start()\n","\n","from pydrake.all import (\n","    Concatenate,\n","    ConstantVectorSource,\n","    DiagramBuilder,\n","    InverseKinematics,\n","    MeshcatVisualizer,\n","    MeshcatVisualizerParams,\n","    MultibodyPlant,\n","    Parser,\n","    PiecewisePolynomial,\n","    PiecewiseQuaternionSlerp,\n","    PointCloud,\n","    RigidTransform,\n","    LogVectorOutput,\n","    RollPitchYaw,\n","    RotationMatrix,\n","    Simulator,\n","    Solve,\n","    StartMeshcat,\n","    TrajectorySource,\n","    CollisionFilterDeclaration,\n","    GeometrySet,\n","    CollisionFilterManager\n",")\n","from pydrake.multibody import inverse_kinematics\n","from pydrake.multibody.plant import AddMultibodyPlantSceneGraph\n","from pydrake.trajectories import PiecewisePolynomial\n","\n","from manipulation import FindResource\n","from manipulation.meshcat_utils import AddMeshcatTriad, MeshcatPoseSliders\n","from manipulation.scenarios import AddIiwa, AddWsg, AddMultibodyTriad, MakeManipulationStation, AddRgbdSensors\n","from manipulation.station import AddPointClouds, load_scenario, MakeHardwareStation\n","from manipulation.utils import running_as_notebook, ConfigureParser"]},{"cell_type":"code","execution_count":6,"metadata":{"cell_id":"2b8a9314049e46ecaf1571cd92292869","deepnote_cell_type":"code","deepnote_to_be_reexecuted":false,"execution_millis":25,"execution_start":1701202694106,"source_hash":"450eddfc"},"outputs":[{"name":"stderr","output_type":"stream","text":["INFO:drake:Meshcat listening for connections at http://localhost:7001\n"]}],"source":["# Start the visualizer. The cell will output an HTTP link after the execution.\n","# Click the link and a MeshCat tab should appear in your browser.\n","meshcat = StartMeshcat()"]},{"cell_type":"code","execution_count":26,"metadata":{},"outputs":[],"source":["meshcat.Delete()"]},{"cell_type":"code","execution_count":7,"metadata":{},"outputs":[{"name":"stderr","output_type":"stream","text":["WARNING:drake:warning: The mesh /workspaces/manip-final-project/tennisball.obj has its own materials, but material properties have been defined as well. They will be ignored: ('phong', 'diffuse') =                  1 0.3400000035762787               0.25                  1\n","WARNING:drake:warning: The mesh /workspaces/manip-final-project/tennisball.obj has its own materials, but material properties have been defined as well. They will be ignored: ('phong', 'diffuse') =                  1 0.3400000035762787               0.25                  1\n","WARNING:drake:warning: The mesh /workspaces/manip-final-project/tennisball.obj has its own materials, but material properties have been defined as well. They will be ignored: ('phong', 'diffuse') =                  1 0.3400000035762787               0.25                  1\n","WARNING:drake:warning: The mesh /workspaces/manip-final-project/tennisball.obj has its own materials, but material properties have been defined as well. They will be ignored: ('phong', 'diffuse') =                  1 0.3400000035762787               0.25                  1\n"]}],"source":["def CreateIiwaControllerPlant():\n","    \"\"\"creates plant that includes only the robot and gripper, used for controllers.\"\"\"\n","\n","    sim_timestep = 1e-3\n","    plant_robot = MultibodyPlant(sim_timestep)\n","    parser = Parser(plant=plant_robot)\n","\n","    parser.AddModelsFromUrl(\"file:///workspaces/manip-final-project/controller_file.dmd.yaml\")\n","    \n","    plant_robot.mutable_gravity_field().set_gravity_vector([0, 0, 0])\n","    plant_robot.Finalize()\n","\n","    link_frame_indices = []\n","    for i in range(8):\n","        link_frame_indices.append(\n","            plant_robot.GetFrameByName(\"iiwa_link_\" + str(i)).index()\n","        )\n","\n","    return plant_robot, link_frame_indices\n","\n","def BuildAndSimulateTrajectory(q_traj, g_traj, duration=0.01):\n","    \"\"\"Simulate trajectory for manipulation station.\n","    @param q_traj: Trajectory class used to initialize TrajectorySource for joints.\n","    @param g_traj: Trajectory class used to initialize TrajectorySource for gripper.\n","    \"\"\"\n","    builder = DiagramBuilder()\n","    scenario = load_scenario(\n","        filename = \"/workspaces/manip-final-project/withcamera.scenarios.yaml\",\n","        scenario_name = \"Tennis\"\n","    )\n","    station = builder.AddSystem(MakeHardwareStation(scenario, meshcat=meshcat))\n","    plant = station.GetSubsystemByName(\"plant\")\n","    scene_graph = station.GetSubsystemByName(\"scene_graph\")\n","    \n","    wsg1 = plant.GetModelInstanceByName(\"wsg1\")\n","    wsg2 = plant.GetModelInstanceByName(\"wsg2\")\n","\n","    AddMultibodyTriad(plant.GetFrameByName(\"body\", wsg1), scene_graph)\n","    AddMultibodyTriad(plant.GetFrameByName(\"body\", wsg2), scene_graph)\n","\n","    q_traj_system = builder.AddSystem(TrajectorySource(q_traj))\n","    g_traj_system1 = builder.AddSystem(TrajectorySource(g_traj))\n","    g_traj_system2 = builder.AddSystem(TrajectorySource(g_traj))\n","\n","    visualizer = MeshcatVisualizer.AddToBuilder(\n","        builder,\n","        station.GetOutputPort(\"query_object\"),\n","        meshcat,\n","        MeshcatVisualizerParams(delete_on_initialization_event=False),\n","    )\n","\n","    builder.Connect(\n","        q_traj_system.get_output_port(), station.GetInputPort(\"iiwa.position\")\n","    )\n","    \n","    builder.Connect(\n","        g_traj_system1.get_output_port(), station.GetInputPort(\"wsg1.position\")\n","    )\n","    builder.Connect(\n","        g_traj_system2.get_output_port(), station.GetInputPort(\"wsg2.position\")\n","    )\n","    \n","    body1 = plant.GetBodyByName(\"body\", wsg1)\n","    body2 = plant.GetBodyByName(\"body\", wsg2)\n","    \n","    left1 = plant.GetBodyByName(\"left_finger\", wsg1)\n","    left2 = plant.GetBodyByName(\"left_finger\", wsg2)\n","    right1 = plant.GetBodyByName(\"right_finger\", wsg1)\n","    right2 = plant.GetBodyByName(\"right_finger\", wsg2)\n","\n","    geometry_wsg1 = plant.GetCollisionGeometriesForBody(body1)[0]\n","    geometry_wsg2 = plant.GetCollisionGeometriesForBody(body2)[0]\n","    geometry_left1 = plant.GetCollisionGeometriesForBody(left1)[0]\n","    geometry_left2 = plant.GetCollisionGeometriesForBody(left2)[0]\n","    geometry_right1 = plant.GetCollisionGeometriesForBody(right1)[0]\n","    geometry_right2 = plant.GetCollisionGeometriesForBody(right2)[0]\n","    \n","    geometries1 = GeometrySet()\n","    geometries1.Add(geometry_wsg1)\n","    geometries1.Add(geometry_left1)\n","    geometries1.Add(geometry_right1)\n","    \n","    geometries2 = GeometrySet()\n","    geometries2.Add(geometry_wsg2)\n","    geometries2.Add(geometry_left2)\n","    geometries2.Add(geometry_right2)\n","    \n","    collision_filter = CollisionFilterDeclaration()\n","    \n","    collision_filter.ExcludeBetween(geometries1, geometries2)\n","\n","    manager = scene_graph.collision_filter_manager()\n","    manager.Apply(collision_filter)\n","\n","    diagram = builder.Build()\n","\n","    simulator = Simulator(diagram)\n","    visualizer.StartRecording(False)\n","    simulator.AdvanceTo(duration)\n","    visualizer.PublishRecording()\n","\n","    return simulator, plant\n","\n","def setup_manipulation_station():\n","    builder = DiagramBuilder()\n","    scenario = load_scenario(\n","        filename = \"/workspaces/manip-final-project/withcamera.scenarios.yaml\",\n","        scenario_name = \"Tennis\"\n","    )\n","    station = builder.AddSystem(MakeHardwareStation(scenario, meshcat=meshcat))\n","    plant = station.GetSubsystemByName(\"plant\")\n","    scene_graph = station.GetSubsystemByName(\"scene_graph\")\n","       to_point_cloud = AddPointClouds(\n","        scenario=scenario, station=station, builder=builder, meshcat=meshcat\n","    )\n","    for i in range(2):\n","        camera_name = f\"camera{i}\"\n","\n","        builder.ExportOutput(\n","            station.GetOutputPort(camera_name + \".rgb_image\"), f\"rgb_image{i}\"\n","        )\n","        builder.ExportOutput(\n","            station.GetOutputPort(camera_name + \".depth_image\"), f\"depth_image{i}\"\n","        )\n","\n","        # Add a box for the camera in the environment.\n","        \n","        camera_instance = plant.GetModelInstanceByName(camera_name)\n","        AddMultibodyTriad(\n","            plant.GetFrameByName(\"base\", camera_instance),\n","            scene_graph,\n","            length=0.1,\n","            radius=0.005,\n","        )\n","        # Export the point cloud output.\n","        builder.ExportOutput(\n","            to_point_cloud[camera_name].point_cloud_output_port(), f\"point_cloud{i}\"\n","        )\n","\n","\n","    MeshcatVisualizer.AddToBuilder(\n","        builder,\n","        station.GetOutputPort(\"query_object\"),\n","        meshcat,\n","        MeshcatVisualizerParams(delete_on_initialization_event=False),\n","    )\n","\n","    wsg1_position = builder.AddSystem(ConstantVectorSource([0.1]))\n","    builder.Connect(\n","        wsg1_position.get_output_port(), station.GetInputPort(\"wsg1.position\")\n","    )\n","    wsg2_position = builder.AddSystem(ConstantVectorSource([0.1]))\n","    \n","    builder.Connect(\n","        wsg2_position.get_output_port(), station.GetInputPort(\"wsg2.position\")\n","    )\n","    wsg1 = plant.GetModelInstanceByName(\"wsg1\")\n","    wsg2 = plant.GetModelInstanceByName(\"wsg2\")\n","    body1 = plant.GetBodyByName(\"body\", wsg1)\n","    body2 = plant.GetBodyByName(\"body\", wsg2)\n","    \n","    left1 = plant.GetBodyByName(\"left_finger\", wsg1)\n","    left2 = plant.GetBodyByName(\"left_finger\", wsg2)\n","    right1 = plant.GetBodyByName(\"right_finger\", wsg1)\n","    right2 = plant.GetBodyByName(\"right_finger\", wsg2)\n","\n","    geometry_wsg1 = plant.GetCollisionGeometriesForBody(body1)[0]\n","    geometry_wsg2 = plant.GetCollisionGeometriesForBody(body2)[0]\n","    geometry_left1 = plant.GetCollisionGeometriesForBody(left1)[0]\n","    geometry_left2 = plant.GetCollisionGeometriesForBody(left2)[0]\n","    geometry_right1 = plant.GetCollisionGeometriesForBody(right1)[0]\n","    geometry_right2 = plant.GetCollisionGeometriesForBody(right2)[0]\n","    \n","    geometries1 = GeometrySet()\n","    geometries1.Add(geometry_wsg1)\n","    geometries1.Add(geometry_left1)\n","    geometries1.Add(geometry_right1)\n","    \n","    geometries2 = GeometrySet()\n","    geometries2.Add(geometry_wsg2)\n","    geometries2.Add(geometry_left2)\n","    geometries2.Add(geometry_right2)\n","    \n","    collision_filter = CollisionFilterDeclaration()\n","    \n","    collision_filter.ExcludeBetween(geometries1, geometries2)\n","\n","    manager = scene_graph.collision_filter_manager()\n","    manager.Apply(collision_filter)\n","    diagram = builder.Build()\n","\n","\n","    context = plant.CreateDefaultContext()\n","\n","    initial_pose = plant.EvalBodyPoseInWorld(context, body1)\n","    initial_pose2 = plant.EvalBodyPoseInWorld(context, body2)\n","\n","    simulator = Simulator(diagram)\n","    simulator.set_target_realtime_rate(1.0)\n","    simulator.AdvanceTo(0.01)\n","\n","    return initial_pose, diagram\n","\n","initial_pose, diagram = setup_manipulation_station()"]},{"cell_type":"code","execution_count":20,"metadata":{},"outputs":[],"source":["pickup_rpy = RollPitchYaw([-np.pi/2, 0, np.pi/2])\n","pickup_rotation = RotationMatrix(pickup_rpy)\n","pickup_position = np.array([0.5, 0, 0.315])\n","pickup_pose = RigidTransform(pickup_rotation, pickup_position)\n","\n","up_position = np.array([0.5, 0, 0.5])\n","up_pose = RigidTransform(pickup_rotation, up_position)\n","\n","turn_rpy = RollPitchYaw([-np.pi/2, 0, 0])\n","turn_rotation = RotationMatrix(turn_rpy)\n","turn_position = np.array([0, 0.5, 0.5])\n","turn_pose = RigidTransform(turn_rotation, turn_position)\n","\n","load_rpy = RollPitchYaw([-3*np.pi/4, 0,0])\n","load_rotation = RotationMatrix(load_rpy)\n","load_position = np.array([0, 0.5, 0.5])\n","load_pose = RigidTransform(load_rotation, load_position)\n","\n","throw_rpy = RollPitchYaw([-np.pi/8, 0,0])\n","throw_rotation = RotationMatrix(throw_rpy)\n","throw_position = np.array([0, 0.5, 0.5])\n","throw_pose = RigidTransform(throw_rotation, throw_position)\n","\n","## Interpolate Pose for entry.\n","def make_gripper_orientation_trajectory(prev_pose, pose, t1, t2):\n","    traj = PiecewiseQuaternionSlerp()\n","    traj.Append(t1, prev_pose.rotation())\n","    traj.Append(t2, pose.rotation())\n","    return traj\n","\n","def make_gripper_position_trajectory(prev_pose, pose, t1, t2):\n","    traj = PiecewisePolynomial.FirstOrderHold(\n","        [t1, t2],\n","        np.vstack(\n","            [\n","                [prev_pose.translation()],\n","                [pose.translation()],\n","            ]\n","        ).T,\n","    )\n","    return traj\n","\n","entry_traj_rotation = make_gripper_orientation_trajectory(initial_pose, pickup_pose, 0.0, 2.0)\n","entry_traj_translation = make_gripper_position_trajectory(initial_pose, pickup_pose, 0.0,2.0)\n","up_traj_rotation = make_gripper_orientation_trajectory(pickup_pose, up_pose, 3.0, 5.0)\n","up_traj_translation = make_gripper_position_trajectory(pickup_pose, up_pose, 3.0, 5.0)\n","turn_traj_rotation = make_gripper_orientation_trajectory(up_pose, turn_pose, 5.0, 8.0)\n","turn_traj_translation = make_gripper_position_trajectory(up_pose, turn_pose, 5.0, 8.0)\n","load_traj_rotation = make_gripper_orientation_trajectory(turn_pose, load_pose, 8.0, 9.0)\n","load_traj_translation = make_gripper_position_trajectory(turn_pose, load_pose, 8.0, 9.0)\n","throw_traj_rotation = make_gripper_orientation_trajectory(load_pose, throw_pose, 9.0, 9.5)\n","throw_traj_translation = make_gripper_position_trajectory(load_pose, throw_pose, 9.0, 9.5)\n","\n","def InterpolatePosePickup(t):\n","    if t < 2: \n","        return RigidTransform(\n","            RotationMatrix(entry_traj_rotation.orientation(t)),\n","            entry_traj_translation.value(t),\n","        )\n","    elif t >= 2 and t < 3:\n","        return RigidTransform(\n","            RotationMatrix(entry_traj_rotation.orientation(2.0)),\n","            entry_traj_translation.value(2.0),\n","        )\n","    elif t >= 3 and t < 5:\n","        return RigidTransform(\n","            RotationMatrix(up_traj_rotation.orientation(t)),\n","            up_traj_translation.value(t),\n","        )\n","    elif t >= 5 and t < 8: \n","    # else:\n","        return RigidTransform(\n","            RotationMatrix(turn_traj_rotation.orientation(t)),\n","            turn_traj_translation.value(t),\n","        )\n","    elif t >= 8 and t < 9:\n","        return RigidTransform(\n","            RotationMatrix(load_traj_rotation.orientation(t)),\n","            load_traj_translation.value(t),\n","        )\n","    elif t>9 and t<9.5:\n","        return RigidTransform(\n","            RotationMatrix(throw_traj_rotation.orientation(t)),\n","            throw_traj_translation.value(t),\n","        )\n","    else: \n","        return RigidTransform(\n","            RotationMatrix(throw_traj_rotation.orientation(9.5)),\n","            throw_traj_translation.value(9.5),\n","        )\n","        \n","\n","# t_lst = np.concatenate(np.linspace(0, 10, 10), np.linspace(10,18,60))\n","t_lst = np.concatenate((np.linspace(0,7.9, 20), np.linspace(8,14, 10)))\n","pose_lst = []\n","for t in t_lst:\n","    AddMeshcatTriad(meshcat, path=str(t), X_PT=InterpolatePosePickup(t), opacity=0.2)\n","    pose_lst.append(InterpolatePosePickup(t))\n","\n","# Create gripper trajectory.\n","gripper_t_lst = np.array([0.0, 3.0, 5.0, 8.0, 9.5, 9.7])\n","gripper_knots = np.array([0.11, 0.05, 0.05, 0.05, 0.05, 0.5]).reshape(1, 6)\n","g_traj = PiecewisePolynomial.FirstOrderHold(gripper_t_lst, gripper_knots)\n","\n","def create_q_knots(pose_lst):\n","    \"\"\"Convert end-effector pose list to joint position list using series of\n","    InverseKinematics problems. Note that q is 9-dimensional because the last 2 dimensions\n","    contain gripper joints, but these should not matter to the constraints.\n","    @param: pose_lst (python list): post_lst[i] contains keyframe X_WG at index i.\n","    @return: q_knots (python_list): q_knots[i] contains IK solution that will give f(q_knots[i]) \\approx pose_lst[i].\n","    \"\"\"\n","    q_knots = []\n","    plant, _ = CreateIiwaControllerPlant()\n","    world_frame = plant.world_frame()\n","    gripper_frame = plant.GetFrameByName(\"body\", plant.GetModelInstanceByName(\"wsg1\"))\n","    q_nominal = np.array(\n","        [0.0, 0.6, 0.0, -1.75, 0.0, 1.0, 0.0, 0.0, 0.0, 0.0, 0.0]\n","    )  # nominal joint angles for joint-centering.\n","\n","    def AddOrientationConstraint(ik, R_WG, bounds):\n","        \"\"\"Add orientation constraint to the ik problem. Implements an inequality\n","        constraint where the axis-angle difference between f_R(q) and R_WG must be\n","        within bounds. Can be translated to:\n","        ik.prog().AddBoundingBoxConstraint(angle_diff(f_R(q), R_WG), -bounds, bounds)\n","        \"\"\"\n","        ik.AddOrientationConstraint(\n","            frameAbar=world_frame,\n","            R_AbarA=R_WG,\n","            frameBbar=gripper_frame,\n","            R_BbarB=RotationMatrix(),\n","            theta_bound=bounds,\n","        )\n","   \n","    def AddPositionConstraint(ik, p_WG_lower, p_WG_upper):\n","        \"\"\"Add position constraint to the ik problem. Implements an inequality\n","        constraint where f_p(q) must lie between p_WG_lower and p_WG_upper. Can be\n","        translated to\n","        ik.prog().AddBoundingBoxConstraint(f_p(q), p_WG_lower, p_WG_upper)\n","        \"\"\"\n","        ik.AddPositionConstraint(\n","            frameA=world_frame,\n","            frameB=gripper_frame,\n","            p_BQ=np.zeros(3),\n","            p_AQ_lower=p_WG_lower,\n","            p_AQ_upper=p_WG_upper,\n","        )\n","    \n","\n","    for i in range(len(pose_lst)):\n","        ik = inverse_kinematics.InverseKinematics(plant)\n","        q_variables = ik.q()  # Get variables for MathematicalProgram\n","        prog = ik.prog()  # Get MathematicalProgram\n","\n","        #### Modify here ###############################\n","\n","        if i == 0:\n","            prog.SetInitialGuess(q_variables, q_nominal)\n","        else:\n","            prog.SetInitialGuess(q_variables, q_knots[i - 1])\n","\n","        x = q_variables - q_nominal\n","        prog.AddCost(x.dot(x))\n","        X_WG = pose_lst[i]\n","        p_WG = X_WG.translation()\n","        z_epsilon = 0.01\n","        theta_epsilon = 0.05\n","        p_WG_lower = np.array([p_WG[0], p_WG[1], p_WG[2] - z_epsilon])\n","        p_WG_upper = np.array([p_WG[0], p_WG[1], p_WG[2] + z_epsilon])\n","        R_WG = X_WG.rotation()\n","        AddPositionConstraint(ik, p_WG_lower, p_WG_upper)\n","        AddOrientationConstraint(ik, R_WG, theta_epsilon)\n","\n","        ################################################\n","\n","        result = Solve(prog)\n","        print(pose_lst[i])\n","\n","        assert result.is_success()\n","\n","        q_knots.append(result.GetSolution(q_variables))\n","    return q_knots"]},{"cell_type":"code","execution_count":21,"metadata":{},"outputs":[{"name":"stdout","output_type":"stream","text":["RigidTransform(\n","  R=RotationMatrix([\n","    [-4.440892098500626e-16, -0.05837414342757974, -0.9982947757947531],\n","    [1.0, 0.0, -2.7755575615628914e-16],\n","    [5.551115123125783e-17, -0.9982947757947531, 0.058374143427579794],\n","  ]),\n","  p=[0.4976266527900623, 2.2390651634707087e-16, 0.4691667895091439],\n",")\n","RigidTransform(\n","  R=RotationMatrix([\n","    [-1.1102230246251565e-16, -0.046248263859800576, -0.9989299765699067],\n","    [1.0, 1.1102230246251565e-16, -2.220446049250313e-16],\n","    [0.0, -0.9989299765699067, 0.04624826385980069],\n","  ]),\n","  p=[0.4981200591837072, 1.7735753005386403e-16, 0.4371163253743482],\n",")\n","RigidTransform(\n","  R=RotationMatrix([\n","    [-1.1102230246251565e-16, -0.03411556542786531, -0.9994178946744635],\n","    [1.0, 1.1102230246251565e-16, -1.1102230246251565e-16],\n","    [1.1102230246251565e-16, -0.9994178946744635, 0.03411556542786531],\n","  ]),\n","  p=[0.4986134655773522, 1.3080854376065718e-16, 0.4050658612395525],\n",")\n","RigidTransform(\n","  R=RotationMatrix([\n","    [-1.1102230246251565e-16, -0.02197783698211231, -0.999758458169566],\n","    [1.0, -1.1102230246251565e-16, -5.551115123125783e-17],\n","    [5.551115123125783e-17, -0.999758458169566, 0.021977836982112142],\n","  ]),\n","  p=[0.4991068719709971, 8.425955746745034e-17, 0.3730153971047568],\n",")\n","RigidTransform(\n","  R=RotationMatrix([\n","    [0.0, -0.009836868114507125, -0.9999516168423841],\n","    [1.0, 2.220446049250313e-16, 5.551115123125783e-17],\n","    [1.6653345369377348e-16, -0.9999516168423841, 0.00983686811450718],\n","  ]),\n","  p=[0.49960027836464205, 3.7710571174243514e-17, 0.3409649329699611],\n",")\n","RigidTransform(\n","  R=RotationMatrix([\n","    [0.0, -1.1102230246251565e-16, -1.0],\n","    [1.0, 0.0, 1.1102230246251565e-16],\n","    [1.1102230246251565e-16, -1.0, 0.0],\n","  ]),\n","  p=[0.5, 0.0, 0.315],\n",")\n","RigidTransform(\n","  R=RotationMatrix([\n","    [0.0, -1.1102230246251565e-16, -1.0],\n","    [1.0, 0.0, 1.1102230246251565e-16],\n","    [1.1102230246251565e-16, -1.0, 0.0],\n","  ]),\n","  p=[0.5, 0.0, 0.315],\n",")\n","RigidTransform(\n","  R=RotationMatrix([\n","    [0.0, -1.1102230246251565e-16, -1.0],\n","    [1.0, 0.0, 1.1102230246251565e-16],\n","    [1.1102230246251565e-16, -1.0, 0.0],\n","  ]),\n","  p=[0.5, 0.0, 0.315],\n",")\n","RigidTransform(\n","  R=RotationMatrix([\n","    [0.0, -1.1102230246251565e-16, -1.0],\n","    [1.0, 0.0, 1.1102230246251565e-16],\n","    [1.1102230246251565e-16, -1.0, 0.0],\n","  ]),\n","  p=[0.5, 0.0, 0.3451842105263158],\n",")\n","RigidTransform(\n","  R=RotationMatrix([\n","    [0.0, -1.1102230246251565e-16, -1.0],\n","    [1.0, 0.0, 1.1102230246251565e-16],\n","    [1.1102230246251565e-16, -1.0, 0.0],\n","  ]),\n","  p=[0.5, 0.0, 0.3836447368421053],\n",")\n","RigidTransform(\n","  R=RotationMatrix([\n","    [0.0, -1.1102230246251565e-16, -1.0],\n","    [1.0, 0.0, 1.1102230246251565e-16],\n","    [1.1102230246251565e-16, -1.0, 0.0],\n","  ]),\n","  p=[0.5, 0.0, 0.42210526315789476],\n",")\n","RigidTransform(\n","  R=RotationMatrix([\n","    [0.0, -1.1102230246251565e-16, -1.0],\n","    [1.0, 0.0, 1.1102230246251565e-16],\n","    [1.1102230246251565e-16, -1.0, 0.0],\n","  ]),\n","  p=[0.5, 0.0, 0.4605657894736842],\n",")\n","RigidTransform(\n","  R=RotationMatrix([\n","    [0.0, -1.1102230246251565e-16, -1.0],\n","    [1.0, 0.0, 1.1102230246251565e-16],\n","    [1.1102230246251565e-16, -1.0, 0.0],\n","  ]),\n","  p=[0.5, 0.0, 0.49902631578947376],\n",")\n","RigidTransform(\n","  R=RotationMatrix([\n","    [0.21060646048879184, -1.1102230246251565e-16, -0.9775709277594047],\n","    [0.9775709277594047, 0.0, 0.21060646048879195],\n","    [1.1102230246251565e-16, -1.0, 0.0],\n","  ]),\n","  p=[0.4324561403508772, 0.06754385964912282, 0.5],\n",")\n","RigidTransform(\n","  R=RotationMatrix([\n","    [0.4167818604952905, 0.0, -0.9090065350491624],\n","    [0.9090065350491624, -5.551115123125783e-17, 0.4167818604952906],\n","    [0.0, -1.0, -5.551115123125783e-17],\n","  ]),\n","  p=[0.3631578947368421, 0.13684210526315788, 0.5],\n",")\n","RigidTransform(\n","  R=RotationMatrix([\n","    [0.6032812508087193, -5.551115123125783e-17, -0.7975285151157088],\n","    [0.7975285151157088, 8.326672684688674e-17, 0.6032812508087193],\n","    [5.551115123125783e-17, -1.0, 8.326672684688674e-17],\n","  ]),\n","  p=[0.29385964912280693, 0.20614035087719307, 0.5],\n",")\n","RigidTransform(\n","  R=RotationMatrix([\n","    [0.7613001124243446, -5.551115123125783e-17, -0.6483996752179015],\n","    [0.6483996752179015, 4.163336342344337e-17, 0.7613001124243447],\n","    [5.551115123125783e-17, -1.0, 4.163336342344337e-17],\n","  ]),\n","  p=[0.2245614035087719, 0.2754385964912281, 0.5],\n",")\n","RigidTransform(\n","  R=RotationMatrix([\n","    [0.8833784741976887, 0.0, -0.4686602941621612],\n","    [0.4686602941621612, 6.938893903907228e-18, 0.8833784741976887],\n","    [0.0, -1.0, 6.938893903907228e-18],\n","  ]),\n","  p=[0.15526315789473688, 0.3447368421052631, 0.5],\n",")\n","RigidTransform(\n","  R=RotationMatrix([\n","    [0.9637530933937819, 0.0, -0.2667957551647257],\n","    [0.2667957551647257, -1.0408340855860843e-16, 0.963753093393782],\n","    [0.0, -1.0, -1.0408340855860843e-16],\n","  ]),\n","  p=[0.08596491228070169, 0.4140350877192983, 0.5],\n",")\n","RigidTransform(\n","  R=RotationMatrix([\n","    [0.9986295347545739, 0.0, -0.05233595624294363],\n","    [0.05233595624294363, -3.003240017784847e-17, 0.9986295347545739],\n","    [0.0, -1.0, -3.003240017784847e-17],\n","  ]),\n","  p=[0.016666666666666607, 0.4833333333333334, 0.5],\n",")\n","RigidTransform(\n","  R=RotationMatrix([\n","    [1.0, -0.0, 0.0],\n","    [0.0, 0.0, 1.0],\n","    [-0.0, -1.0, 0.0],\n","  ]),\n","  p=[0.0, 0.5, 0.5],\n",")\n","RigidTransform(\n","  R=RotationMatrix([\n","    [1.0, -0.0, 0.0],\n","    [0.0, -0.49999999999999933, 0.8660254037844389],\n","    [-0.0, -0.8660254037844389, -0.49999999999999933],\n","  ]),\n","  p=[0.0, 0.5, 0.5],\n",")\n","RigidTransform(\n","  R=RotationMatrix([\n","    [1.0, -0.0, 0.0],\n","    [0.0, 0.500000000000002, 0.8660254037844375],\n","    [-0.0, -0.8660254037844375, 0.500000000000002],\n","  ]),\n","  p=[0.0, 0.5, 0.5],\n",")\n","RigidTransform(\n","  R=RotationMatrix([\n","    [1.0, -0.0, 0.0],\n","    [0.0, 0.9238795325112867, 0.3826834323650898],\n","    [-0.0, -0.3826834323650898, 0.9238795325112867],\n","  ]),\n","  p=[0.0, 0.5, 0.5],\n",")\n","RigidTransform(\n","  R=RotationMatrix([\n","    [1.0, -0.0, 0.0],\n","    [0.0, 0.9238795325112867, 0.3826834323650898],\n","    [-0.0, -0.3826834323650898, 0.9238795325112867],\n","  ]),\n","  p=[0.0, 0.5, 0.5],\n",")\n","RigidTransform(\n","  R=RotationMatrix([\n","    [1.0, -0.0, 0.0],\n","    [0.0, 0.9238795325112867, 0.3826834323650898],\n","    [-0.0, -0.3826834323650898, 0.9238795325112867],\n","  ]),\n","  p=[0.0, 0.5, 0.5],\n",")\n","RigidTransform(\n","  R=RotationMatrix([\n","    [1.0, -0.0, 0.0],\n","    [0.0, 0.9238795325112867, 0.3826834323650898],\n","    [-0.0, -0.3826834323650898, 0.9238795325112867],\n","  ]),\n","  p=[0.0, 0.5, 0.5],\n",")\n","RigidTransform(\n","  R=RotationMatrix([\n","    [1.0, -0.0, 0.0],\n","    [0.0, 0.9238795325112867, 0.3826834323650898],\n","    [-0.0, -0.3826834323650898, 0.9238795325112867],\n","  ]),\n","  p=[0.0, 0.5, 0.5],\n",")\n","RigidTransform(\n","  R=RotationMatrix([\n","    [1.0, -0.0, 0.0],\n","    [0.0, 0.9238795325112867, 0.3826834323650898],\n","    [-0.0, -0.3826834323650898, 0.9238795325112867],\n","  ]),\n","  p=[0.0, 0.5, 0.5],\n",")\n","RigidTransform(\n","  R=RotationMatrix([\n","    [1.0, -0.0, 0.0],\n","    [0.0, 0.9238795325112867, 0.3826834323650898],\n","    [-0.0, -0.3826834323650898, 0.9238795325112867],\n","  ]),\n","  p=[0.0, 0.5, 0.5],\n",")\n"]},{"name":"stderr","output_type":"stream","text":["WARNING:drake:warning: The mesh /workspaces/manip-final-project/tennisball.obj has its own materials, but material properties have been defined as well. They will be ignored: ('phong', 'diffuse') =                  1 0.3400000035762787               0.25                  1\n","WARNING:drake:warning: The mesh /workspaces/manip-final-project/tennisball.obj has its own materials, but material properties have been defined as well. They will be ignored: ('phong', 'diffuse') =                  1 0.3400000035762787               0.25                  1\n","WARNING:drake:warning: The mesh /workspaces/manip-final-project/tennisball.obj has its own materials, but material properties have been defined as well. They will be ignored: ('phong', 'diffuse') =                  1 0.3400000035762787               0.25                  1\n","WARNING:drake:warning: The mesh /workspaces/manip-final-project/tennisball.obj has its own materials, but material properties have been defined as well. They will be ignored: ('phong', 'diffuse') =                  1 0.3400000035762787               0.25                  1\n"]}],"source":["q_knots = np.array(create_q_knots(pose_lst))\n","q_traj = PiecewisePolynomial.CubicShapePreserving(t_lst, q_knots[:, 0:7].T)\n","simulator, station_plant = BuildAndSimulateTrajectory(q_traj, g_traj, 18)"]},{"cell_type":"code","execution_count":null,"metadata":{},"outputs":[],"source":["def plot_camera_images():\n","    # Evaluate the camera output ports to get the images.\n","    context = diagram.CreateDefaultContext()\n","    diagram.ForcedPublish(context)\n","\n","    for i in range(2):\n","        color_image = diagram.GetOutputPort(f\"rgb_image{i}\").Eval(context)\n","        depth_image = diagram.GetOutputPort(f\"depth_image{i}\").Eval(context)\n","\n","        # Plot the two images.\n","        plt.figure(figsize=(20, 10))\n","        plt.subplot(121)\n","        plt.imshow(color_image.data)\n","        plt.title(\"Color image\")\n","        plt.subplot(122)\n","        plt.imshow(np.squeeze(depth_image.data))\n","        plt.title(\"Depth image\")\n","        # mpld3.display()\n","        plt.show()\n","\n","plot_camera_images()"]},{"cell_type":"code","execution_count":null,"metadata":{},"outputs":[],"source":["def ToPointCloud(xyzs, rgbs=None):\n","    if rgbs:\n","        cloud = PointCloud(\n","            xyzs.shape[1], Fields(BaseField.kXYZs | BaseField.kRGBs)\n","        )\n","        cloud.mutable_rgbs()[:] = rgbs\n","    else:\n","        cloud = PointCloud(xyzs.shape[1])\n","    cloud.mutable_xyzs()[:] = xyzs\n","    return cloud\n","\n","def fit_plane(xyzs):\n","    \"\"\"\n","    Args:\n","      xyzs is (3, N) numpy array\n","    Returns:\n","      (4,) numpy array\n","    \"\"\"\n","    center = np.mean(xyzs, axis=1)\n","    cxyzs = xyzs.T - center\n","    U, S, V = np.linalg.svd(cxyzs)\n","    normal = V[-1]  # last row of V\n","    d = -center.dot(normal)\n","    plane_equation = np.hstack([normal, d])\n","    return plane_equation\n","    \n","def ransac(\n","    point_cloud, model_fit_func, rng, tolerance=1e-3, max_iterations=500\n","):\n","    \"\"\"\n","    Args:\n","      point_cloud is (3, N) numpy array\n","      tolerance is a float\n","      rng is a random number generator\n","      max_iterations is a (small) integer\n","      model_fit_func: the function to fit the model (point clouds)\n","\n","    Returns:\n","      (4,) numpy array\n","    \"\"\"\n","    best_ic = 0  # inlier count\n","    best_model = np.ones(4)  # plane equation ((4,) array)\n","\n","    ##################\n","    N = point_cloud.shape[1]\n","    for i in range(max_iterations):\n","        random_int = rng.integers(low=0, high=N, size=3)\n","        seed_points = point_cloud[:,random_int]\n","        plane_equation = model_fit_func(seed_points)\n","        def distance_point_to_plane(point, plane_equation):\n","            A = plane_equation[0]\n","            B = plane_equation[1]\n","            C = plane_equation[2]\n","            D = plane_equation[3]\n","\n","            x = point[0]\n","            y = point[1]\n","            z = point[2]\n","\n","            distance = np.abs(A*x + B*y + C*z + D)/np.sqrt(A**2 + B**2 + C**2)\n","            return distance\n","        distances = np.apply_along_axis(distance_point_to_plane, 0, point_cloud, plane_equation)\n","        inlier_count = (distances < tolerance).sum()\n","        if inlier_count > best_ic:\n","            best_ic = inlier_count\n","            best_model = plane_equation\n","\n","    ##################\n","\n","    return best_ic, best_model\n","\n","def remove_plane(point_cloud, ransac, rng, tol=1e-1):\n","    \"\"\"\n","    Args:\n","        point_cloud: 3xN numpy array of points\n","        ransac: The RANSAC function to use (call ransac(args))\n","        rng is a random number generator\n","        tol: points less than this distance tolerance should be removed\n","    Returns:\n","        point_cloud_wo_plane: 3xN numpy array of points\n","    \"\"\"\n","    inlier_count, ransac_plane = ransac(point_cloud, fit_plane, rng, max_iterations=100)\n","    def plane_points(point, plane_equation):\n","        A = plane_equation[0]\n","        B = plane_equation[1]\n","        C = plane_equation[2]\n","        D = plane_equation[3]\n","\n","        x = point[0]\n","        y = point[1]\n","        z = point[2]\n","\n","        return np.sqrt((A*x)**2 + (B*y)**2 + (C*z)**2 + D)\n","    distances = np.apply_along_axis(plane_points, 0, point_cloud, ransac_plane)\n","    point_cloud_wo_plane = point_cloud[:,distances >= tol]\n","    return point_cloud_wo_plane\n","\n","# Take a pointcloud snapshot of the scene with the bottle.\n","_, diagram = setup_manipulation_station()\n","context = diagram.CreateDefaultContext()\n","diagram.ForcedPublish(context)\n","pcls = []\n","for i in range(2):\n","    pcl = diagram.GetOutputPort(f\"point_cloud{i}\").Eval(context)\n","    pcls.append(pcl)\n","\n","meshcat.Delete()\n","rng = np.random.default_rng(135)  # random number generator\n","pcl_bottles = []\n","for pcl in pcls:\n","    pcl_downsampled = pcl.VoxelizedDownSample(voxel_size=0.01)\n","    xyzs = np.copy(pcl_downsampled.xyzs())\n","    xyzs[~np.isfinite(xyzs)] = 0\n","    pcl_bottle = remove_plane(xyzs, ransac, rng)\n","    pcl_bottles.append(ToPointCloud(pcl_bottle))\n","\n","merged_pcl_bottle = Concatenate(pcl_bottles)\n","meshcat.SetObject(\n","    \"pcl_bottle\",\n","    merged_pcl_bottle\n",")"]}],"metadata":{"deepnote":{},"deepnote_execution_queue":[],"deepnote_notebook_id":"4547a2943171418687425fc8f8f1a578","kernelspec":{"display_name":"Python 3 (ipykernel)","language":"python","name":"python3"},"language_info":{"codemirror_mode":{"name":"ipython","version":3},"file_extension":".py","mimetype":"text/x-python","name":"python","nbconvert_exporter":"python","pygments_lexer":"ipython3","version":"3.10.12"}},"nbformat":4,"nbformat_minor":0}
